1687780650.5011828
1687780655.0089529
1687780655.0091727
1687780655.0092988
1687780655.0093887
1687780655.0094776
1687780655.0095656
1687780655.0096538
1687780655.009744
1687780655.0098324
1687780660.0180714
1687780660.0185788
1687780660.0189013
1687780660.019187
1687780660.01943
1687780660.0196705
1687780660.019906
1687780660.020139
1687780660.020388
1687780660.0206459
1687780665.0292072
1687780665.0300126
1687780665.03071
1687780665.031315
1687780665.0319161
1687780665.0325522
1687780665.0331643
1687780665.0337625
1687780665.0343747
1687780665.035175
1687780670.0440717
1687780670.0446823
1687780670.0451736
1687780670.0456228
1687780670.0460758
1687780670.046459
1687780670.0469532
1687780670.04739
1687780670.0478225
1687780670.0482588
1687780675.0575008
1687780675.0584671
