1687856970.5020583
1687856971.0000343
1687856971.500035
1687856972.0000496
1687856972.5000708
1687856973.0000513
1687856973.5000355
1687856974.0000422
1687856974.5000389
1687856975.0000393
1687856975.50004
1687856976.0000412
1687856976.5000408
1687856977.000044
1687856977.5000799
1687856978.0000622
1687856978.5000463
1687856979.0000494
1687856979.5000627
1687856980.0000534
1687856980.5000489
1687856981.0000513
1687856981.5000484
1687856982.0000453
1687856982.500049
1687856983.0000489
1687856983.5000536
1687856984.0000496
1687856984.5000806
1687856985.0000584
1687856985.5000663
1687856986.000079
1687856986.5000598
1687856987.0000632
1687856987.5000627
1687856988.0000644
1687856988.5000648
1687856989.0000737
1687856989.500074
1687856990.000089
1687856990.5000534
1687856991.000069
1687856991.5000753
1687856992.000062
1687856992.5000644
1687856993.0000625
1687856993.500063
1687856994.0000634
1687856994.50006
1687856995.0000598
1687856995.5000818
1687856996.0000668
1687856996.5000682
1687856997.0000691
1687856997.500069
1687856998.000078
1687856998.5000792
1687856999.000125
1687856999.5000715
